k	d	a	sing.points fraction
6	5	7	0.045
there are 3 communities and 45 singular points
point number	cluster number	singular point	SI
1	3	0	1
2	2	0	1
3	1	0	1
4	1	1	2
5	1	0	1
6	2	0	1
7	2	0	1
8	1	0	1
9	3	0	1
10	3	0	1
11	3	0	1
12	2	1	2
13	3	0	1
14	3	0	1
15	1	0	1
16	2	0	1
17	1	0	1
18	1	0	1
19	1	0	1
20	1	0	1
21	1	0	1
22	3	0	1
23	1	0	1
24	1	0	1
25	2	0	1
26	1	0	1
27	1	0	1
28	1	0	1
29	2	0	1
30	3	0	1
31	3	0	1
32	2	0	1
33	3	0	1
34	3	0	1
35	1	1	2
36	2	0	1
37	3	0	1
38	2	0	1
39	2	0	1
40	1	0	1
41	3	0	1
42	1	0	1
43	1	0	1
44	1	0	1
45	2	0	1
46	1	0	1
47	2	0	1
48	1	0	1
49	2	0	1
50	3	0	1
51	1	0	1
52	3	0	1
53	1	0	1
54	1	0	1
55	2	0	1
56	3	0	1
57	3	0	1
58	2	0	1
59	1	0	1
60	3	0	1
61	1	0	1
62	1	0	1
63	3	0	1
64	2	0	1
65	1	0	1
66	3	0	1
67	2	0	1
68	1	0	1
69	1	0	1
70	2	0	1
71	1	0	1
72	3	0	1
73	1	0	1
74	2	0	1
75	3	0	1
76	1	0	1
77	3	0	1
78	2	0	1
79	2	0	1
80	3	0	1
81	1	0	1
82	1	0	1
83	1	0	1
84	3	0	1
85	2	0	1
86	1	0	1
87	1	0	1
88	2	0	1
89	2	0	1
90	3	0	1
91	2	0	1
92	1	0	1
93	1	0	1
94	3	0	1
95	1	0	1
96	3	0	1
97	1	1	2
98	2	0	1
99	2	0	1
100	3	0	1
101	2	0	1
102	1	0	1
103	3	0	1
104	1	0	1
105	3	0	1
106	1	0	1
107	2	0	1
108	1	0	1
109	1	0	1
110	1	0	1
111	1	0	1
112	2	0	1
113	3	0	1
114	1	0	1
115	1	0	1
116	1	0	1
117	3	0	1
118	2	0	1
119	2	0	1
120	3	0	1
121	2	0	1
122	1	0	1
123	2	0	1
124	2	0	1
125	2	0	1
126	1	0	1
127	1	0	1
128	3	0	1
129	3	0	1
130	1	0	1
131	1	0	1
132	2	1	2
133	2	0	1
134	1	0	1
135	3	0	1
136	2	0	1
137	2	0	1
138	3	0	1
139	3	0	1
140	3	0	1
141	3	0	1
142	1	0	1
143	2	0	1
144	3	1	2
145	1	0	1
146	2	0	1
147	1	0	1
148	2	0	1
149	3	0	1
150	2	0	1
151	1	0	1
152	2	0	1
153	1	0	1
154	1	0	1
155	3	0	1
156	1	0	1
157	1	0	1
158	1	0	1
159	3	0	1
160	2	0	1
161	1	0	1
162	2	0	1
163	1	0	1
164	1	0	1
165	3	0	1
166	3	0	1
167	3	0	1
168	3	0	1
169	3	0	1
170	2	0	1
171	1	0	1
172	3	0	1
173	2	0	1
174	3	0	1
175	1	0	1
176	3	0	1
177	1	0	1
178	3	0	1
179	2	0	1
180	2	0	1
181	1	0	1
182	3	0	1
183	3	0	1
184	1	0	1
185	1	0	1
186	3	0	1
187	1	0	1
188	1	0	1
189	3	0	1
190	3	0	1
191	3	0	1
192	2	0	1
193	3	0	1
194	1	0	1
195	2	0	1
196	2	0	1
197	1	0	1
198	3	0	1
199	2	0	1
200	1	1	2
201	3	0	1
202	2	0	1
203	1	0	1
204	1	0	1
205	1	0	1
206	2	0	1
207	3	0	1
208	2	0	1
209	2	0	1
210	3	1	2
211	1	0	1
212	3	0	1
213	1	0	1
214	1	0	1
215	2	0	1
216	2	0	1
217	3	0	1
218	2	0	1
219	2	1	2
220	2	0	1
221	2	0	1
222	3	0	1
223	1	0	1
224	1	0	1
225	1	0	1
226	2	0	1
227	2	0	1
228	3	0	1
229	3	0	1
230	3	0	1
231	3	0	1
232	2	0	1
233	1	0	1
234	3	0	1
235	2	0	1
236	1	0	1
237	1	0	1
238	2	0	1
239	2	0	1
240	3	0	1
241	1	0	1
242	3	0	1
243	1	0	1
244	1	0	1
245	1	0	1
246	3	0	1
247	1	0	1
248	1	0	1
249	2	0	1
250	2	0	1
251	1	0	1
252	1	0	1
253	3	0	1
254	1	0	1
255	2	1	2
256	3	0	1
257	3	0	1
258	2	0	1
259	3	0	1
260	1	0	1
261	2	0	1
262	2	0	1
263	1	0	1
264	1	0	1
265	2	0	1
266	3	0	1
267	3	0	1
268	3	0	1
269	1	0	1
270	2	0	1
271	1	0	1
272	1	0	1
273	2	0	1
274	2	0	1
275	3	0	1
276	2	0	1
277	2	0	1
278	2	0	1
279	1	0	1
280	2	1	2
281	1	0	1
282	2	0	1
283	2	0	1
284	1	0	1
285	2	0	1
286	1	0	1
287	3	0	1
288	1	0	1
289	1	0	1
290	2	0	1
291	1	0	1
292	3	0	1
293	2	0	1
294	1	0	1
295	3	0	1
296	3	0	1
297	1	0	1
298	2	0	1
299	2	0	1
300	2	0	1
301	2	1	2
302	2	1	2
303	1	0	1
304	3	0	1
305	1	0	1
306	2	0	1
307	3	0	1
308	2	0	1
309	1	0	1
310	1	0	1
311	1	0	1
312	1	0	1
313	1	0	1
314	2	0	1
315	2	0	1
316	3	1	2
317	2	1	2
318	1	0	1
319	2	0	1
320	3	0	1
321	2	0	1
322	3	0	1
323	2	0	1
324	3	0	1
325	3	0	1
326	2	0	1
327	2	0	1
328	2	0	1
329	1	0	1
330	1	0	1
331	2	0	1
332	1	0	1
333	3	0	1
334	1	0	1
335	3	0	1
336	3	0	1
337	1	0	1
338	3	0	1
339	2	0	1
340	3	0	1
341	1	0	1
342	1	0	1
343	1	0	1
344	1	0	1
345	2	0	1
346	3	0	1
347	1	0	1
348	3	0	1
349	1	0	1
350	3	0	1
351	1	0	1
352	1	0	1
353	1	0	1
354	1	0	1
355	1	0	1
356	2	0	1
357	2	0	1
358	1	0	1
359	2	0	1
360	3	0	1
361	3	0	1
362	2	0	1
363	3	0	1
364	1	0	1
365	2	0	1
366	3	0	1
367	1	0	1
368	1	0	1
369	3	0	1
370	3	0	1
371	2	0	1
372	3	0	1
373	1	0	1
374	1	1	2
375	1	0	1
376	3	0	1
377	3	1	2
378	2	0	1
379	1	0	1
380	2	0	1
381	2	0	1
382	2	0	1
383	1	0	1
384	3	0	1
385	2	0	1
386	3	0	1
387	1	0	1
388	2	0	1
389	1	0	1
390	2	0	1
391	1	0	1
392	1	0	1
393	1	0	1
394	1	0	1
395	1	0	1
396	1	0	1
397	1	0	1
398	3	0	1
399	1	0	1
400	3	0	1
401	3	0	1
402	1	0	1
403	1	0	1
404	2	0	1
405	1	0	1
406	3	0	1
407	1	0	1
408	2	0	1
409	3	0	1
410	3	0	1
411	2	0	1
412	3	0	1
413	3	0	1
414	1	0	1
415	3	0	1
416	3	0	1
417	2	0	1
418	1	0	1
419	3	0	1
420	2	0	1
421	2	0	1
422	1	0	1
423	1	0	1
424	3	0	1
425	3	0	1
426	3	0	1
427	3	0	1
428	2	0	1
429	3	0	1
430	2	0	1
431	1	0	1
432	1	0	1
433	1	0	1
434	3	0	1
435	3	0	1
436	1	1	2
437	1	0	1
438	1	0	1
439	2	0	1
440	2	0	1
441	1	0	1
442	3	0	1
443	2	0	1
444	3	0	1
445	2	0	1
446	1	0	1
447	2	0	1
448	3	0	1
449	2	0	1
450	3	0	1
451	2	0	1
452	1	0	1
453	3	0	1
454	1	0	1
455	2	0	1
456	1	0	1
457	3	0	1
458	1	0	1
459	2	0	1
460	1	0	1
461	1	0	1
462	3	0	1
463	3	0	1
464	2	0	1
465	3	0	1
466	1	0	1
467	1	0	1
468	3	0	1
469	2	0	1
470	1	0	1
471	3	0	1
472	3	0	1
473	1	0	1
474	1	0	1
475	1	0	1
476	2	0	1
477	3	0	1
478	3	0	1
479	1	0	1
480	3	0	1
481	2	1	2
482	1	0	1
483	2	0	1
484	3	0	1
485	2	0	1
486	2	1	2
487	3	0	1
488	3	1	2
489	3	0	1
490	2	0	1
491	2	0	1
492	1	0	1
493	2	0	1
494	1	0	1
495	3	0	1
496	1	0	1
497	3	0	1
498	1	0	1
499	3	0	1
500	3	0	1
501	1	0	1
502	1	0	1
503	3	1	2
504	3	0	1
505	1	0	1
506	1	0	1
507	2	0	1
508	1	0	1
509	3	0	1
510	1	0	1
511	3	0	1
512	3	0	1
513	3	0	1
514	2	0	1
515	2	0	1
516	2	0	1
517	3	0	1
518	1	0	1
519	2	0	1
520	1	0	1
521	1	0	1
522	3	0	1
523	1	0	1
524	3	0	1
525	1	0	1
526	1	0	1
527	3	0	1
528	1	0	1
529	2	0	1
530	1	0	1
531	1	0	1
532	1	0	1
533	1	0	1
534	1	0	1
535	2	0	1
536	2	1	2
537	1	0	1
538	1	0	1
539	1	0	1
540	1	0	1
541	2	0	1
542	2	0	1
543	1	0	1
544	1	0	1
545	2	0	1
546	3	1	2
547	2	0	1
548	2	0	1
549	1	0	1
550	2	0	1
551	1	0	1
552	1	0	1
553	2	0	1
554	1	0	1
555	1	0	1
556	1	1	2
557	3	0	1
558	1	0	1
559	1	0	1
560	2	0	1
561	2	0	1
562	1	0	1
563	3	0	1
564	1	0	1
565	3	0	1
566	1	0	1
567	1	0	1
568	1	0	1
569	3	0	1
570	2	0	1
571	2	0	1
572	2	1	2
573	1	0	1
574	1	0	1
575	2	0	1
576	1	0	1
577	2	0	1
578	2	1	2
579	2	0	1
580	3	0	1
581	1	0	1
582	3	0	1
583	1	0	1
584	1	0	1
585	1	0	1
586	1	0	1
587	1	0	1
588	1	1	2
589	1	0	1
590	3	0	1
591	3	0	1
592	2	0	1
593	2	0	1
594	2	0	1
595	1	0	1
596	3	0	1
597	1	1	2
598	1	0	1
599	3	0	1
600	2	0	1
601	2	0	1
602	3	0	1
603	1	0	1
604	2	0	1
605	3	0	1
606	1	0	1
607	3	1	2
608	2	0	1
609	3	1	2
610	1	0	1
611	1	0	1
612	1	0	1
613	1	0	1
614	2	0	1
615	1	0	1
616	2	0	1
617	2	0	1
618	1	0	1
619	2	0	1
620	2	0	1
621	2	0	1
622	2	0	1
623	3	0	1
624	3	0	1
625	3	0	1
626	2	0	1
627	2	0	1
628	1	0	1
629	3	0	1
630	1	0	1
631	3	0	1
632	1	0	1
633	1	0	1
634	2	0	1
635	1	0	1
636	1	0	1
637	2	0	1
638	2	0	1
639	2	0	1
640	1	0	1
641	1	0	1
642	3	0	1
643	1	0	1
644	3	0	1
645	3	1	2
646	1	0	1
647	2	0	1
648	3	0	1
649	2	0	1
650	2	0	1
651	1	0	1
652	1	0	1
653	1	0	1
654	2	0	1
655	1	0	1
656	1	0	1
657	3	0	1
658	1	0	1
659	3	0	1
660	3	0	1
661	3	0	1
662	3	1	2
663	1	0	1
664	2	0	1
665	3	0	1
666	1	0	1
667	2	1	2
668	1	0	1
669	2	0	1
670	2	0	1
671	2	0	1
672	1	0	1
673	2	0	1
674	2	0	1
675	1	0	1
676	1	0	1
677	1	0	1
678	1	0	1
679	1	0	1
680	2	0	1
681	1	0	1
682	3	0	1
683	2	0	1
684	3	0	1
685	3	0	1
686	1	1	2
687	1	0	1
688	2	0	1
689	1	0	1
690	3	0	1
691	3	0	1
692	1	0	1
693	2	0	1
694	2	0	1
695	2	0	1
696	1	0	1
697	1	0	1
698	3	1	2
699	2	0	1
700	2	0	1
701	3	0	1
702	1	0	1
703	3	0	1
704	1	0	1
705	1	0	1
706	3	0	1
707	2	0	1
708	3	0	1
709	2	0	1
710	1	0	1
711	1	0	1
712	2	0	1
713	3	0	1
714	3	0	1
715	2	0	1
716	3	0	1
717	2	0	1
718	3	0	1
719	2	0	1
720	1	0	1
721	2	0	1
722	2	0	1
723	1	0	1
724	1	0	1
725	3	0	1
726	2	0	1
727	2	0	1
728	2	0	1
729	3	0	1
730	1	0	1
731	1	0	1
732	2	0	1
733	2	0	1
734	2	0	1
735	3	0	1
736	3	0	1
737	3	0	1
738	2	0	1
739	1	0	1
740	3	0	1
741	2	0	1
742	3	0	1
743	2	0	1
744	1	0	1
745	1	0	1
746	3	0	1
747	3	0	1
748	1	0	1
749	2	0	1
750	2	0	1
751	3	0	1
752	3	0	1
753	2	0	1
754	1	0	1
755	1	0	1
756	3	0	1
757	2	0	1
758	3	0	1
759	1	0	1
760	3	0	1
761	1	0	1
762	3	0	1
763	3	0	1
764	3	0	1
765	2	0	1
766	3	0	1
767	2	0	1
768	1	0	1
769	2	0	1
770	1	0	1
771	1	0	1
772	1	0	1
773	2	0	1
774	1	0	1
775	1	0	1
776	2	0	1
777	1	0	1
778	2	0	1
779	3	0	1
780	1	0	1
781	1	0	1
782	3	0	1
783	1	0	1
784	1	0	1
785	2	0	1
786	2	0	1
787	1	0	1
788	1	0	1
789	2	0	1
790	1	0	1
791	2	0	1
792	3	0	1
793	1	1	2
794	1	0	1
795	1	0	1
796	1	1	2
797	3	1	2
798	3	0	1
799	2	0	1
800	2	0	1
801	1	0	1
802	1	0	1
803	1	0	1
804	3	0	1
805	1	0	1
806	3	0	1
807	2	1	2
808	2	0	1
809	1	0	1
810	3	0	1
811	1	0	1
812	2	0	1
813	3	0	1
814	2	0	1
815	3	0	1
816	2	0	1
817	3	0	1
818	2	0	1
819	1	0	1
820	3	0	1
821	1	0	1
822	2	0	1
823	1	0	1
824	2	0	1
825	3	0	1
826	2	0	1
827	2	0	1
828	1	0	1
829	1	1	2
830	2	0	1
831	3	0	1
832	1	0	1
833	1	0	1
834	3	0	1
835	3	0	1
836	3	0	1
837	2	0	1
838	1	0	1
839	2	0	1
840	1	0	1
841	1	0	1
842	1	0	1
843	3	0	1
844	2	0	1
845	3	0	1
846	1	0	1
847	3	0	1
848	2	0	1
849	2	0	1
850	3	0	1
851	3	0	1
852	1	0	1
853	1	0	1
854	3	0	1
855	1	0	1
856	2	0	1
857	1	0	1
858	1	0	1
859	1	0	1
860	2	0	1
861	3	0	1
862	1	0	1
863	1	0	1
864	1	0	1
865	2	0	1
866	3	0	1
867	1	0	1
868	1	0	1
869	2	0	1
870	3	0	1
871	3	0	1
872	1	0	1
873	2	0	1
874	3	0	1
875	2	0	1
876	3	0	1
877	1	0	1
878	1	0	1
879	2	0	1
880	2	0	1
881	3	0	1
882	2	0	1
883	3	0	1
884	1	0	1
885	3	1	2
886	1	0	1
887	2	0	1
888	2	0	1
889	1	0	1
890	2	0	1
891	3	1	2
892	3	0	1
893	3	0	1
894	2	0	1
895	3	0	1
896	1	0	1
897	3	0	1
898	3	0	1
899	1	0	1
900	1	0	1
901	2	0	1
902	1	0	1
903	3	0	1
904	2	0	1
905	1	0	1
906	3	0	1
907	3	0	1
908	3	0	1
909	3	0	1
910	2	0	1
911	3	0	1
912	1	0	1
913	3	0	1
914	3	0	1
915	2	0	1
916	3	0	1
917	1	0	1
918	1	0	1
919	3	0	1
920	2	0	1
921	1	0	1
922	3	0	1
923	2	0	1
924	1	0	1
925	3	0	1
926	1	0	1
927	2	0	1
928	1	0	1
929	2	0	1
930	2	0	1
931	2	0	1
932	1	0	1
933	2	0	1
934	1	0	1
935	1	0	1
936	1	0	1
937	3	1	2
938	3	0	1
939	1	0	1
940	1	0	1
941	1	0	1
942	3	0	1
943	3	1	2
944	3	0	1
945	1	0	1
946	1	0	1
947	1	0	1
948	3	0	1
949	2	0	1
950	1	0	1
951	2	0	1
952	3	0	1
953	3	0	1
954	1	0	1
955	3	0	1
956	2	0	1
957	3	0	1
958	2	0	1
959	1	0	1
960	1	0	1
961	3	0	1
962	1	0	1
963	1	0	1
964	2	0	1
965	3	0	1
966	2	0	1
967	1	0	1
968	2	0	1
969	3	0	1
970	1	0	1
971	1	0	1
972	1	0	1
973	3	0	1
974	3	0	1
975	2	0	1
976	2	0	1
977	1	0	1
978	2	0	1
979	3	0	1
980	2	0	1
981	1	0	1
982	2	0	1
983	2	0	1
984	2	0	1
985	1	0	1
986	3	0	1
987	2	0	1
988	3	0	1
989	3	0	1
990	1	0	1
991	1	0	1
992	1	0	1
993	1	0	1
994	3	0	1
995	3	0	1
996	3	0	1
997	3	0	1
998	1	0	1
999	3	0	1
1000	2	0	1